FMA, SNOMED-CT Code
3734,15825003
3736,54247002
3932,425444002
3939,69105007
4058,69105007
3941,69105007
50737,57850000
49893,41801008
50040,41801008
50039,41801008
70250,7657000
70249,7657000
49846,74200005
49849,55601007
18807,113269004
18806,113269004
18810,90024005
18809,90024005
14766,73634005
14765,73634005
3862,33795007
14750,33795007
14749,42258001
66326,81040000
3951,36765005
4694,36765005
3953,36765005
3956,85234005
4066,85234005
3958,85234005
16599,37783008
16598,37783008
16579,37783008
15711,123956007
14542,66754008
55109,77578007
55114,77578007
55113,77578007
7099,59652004
7097,59652004
7096,59652004
14667,79741001
15900,89837001
15902,393006
30317,119186007
52740,52374004
52734,74872008
52749,21387005
42832,22356005
16591,22356005
16590,22356005
52752,421793000
74051,421793000
74050,421793000
16594,85710004
16593,85710004
52741,6229007
53646,6229007
53645,6229007
52748,91609006
52872,59066005
52874,59066005
52873,59066005
52745,74386004
53648,74386004
53647,74386004
52735,31640002
52746,51283005
53656,51283005
53655,51283005
9613,24924006
52789,24924006
52788,24924006
16580,118645006
20227,118645006
20226,118645006
52736,73117003
52737,60911003
52739,60911003
52738,60911003
52893,13881006
52892,13881006
52747,13881006
9608,14016003
13295,5798000
7199,113276009
7201,14742008
7200,30315005
45245,36582005
45244,36582005
5906,36582005
50801,12738006
79876,15926001
321497,76752008
321496,76752008
268893,76752008
26660,955009
26662,955009
7405,102297006
7396,102297006
7395,102297006
26661,955009
15703,34381000
7465,28700002
7206,38848004
52590,7173007
75189,9284003
54378,279549004
20292,74262004
14541,32713005
67944,113305005
62000,83678007
61819,83678007
67292,83678007
17740,71252005
50060,78904004
25559,78904004
25558,78904004
83719,369387006
13323,51299004
13322,51299004
50864,56193007
50880,56193007
50879,56193007
50870,21161002
50892,21161002
50870,21161002
50866,27612005
50885,27612005
50884,27612005
50867,80622005
50887,80622005
50886,80622005
50868,56052001
50889,56052001
50888,56052001
50869,8598002
50891,8598002
50890,8598002
6720,15119000
50899,15119000
50897,15119000
50871,37899009
50903,37899009
50901,37899009
60201,80169004
60203,80169004
60202,80169004
14543,71854001
14545,9040008
14547,32622004
268861,81745001
14548,60184004
14546,485005
58238,28726007
58240,28726007
58239,28726007
52890,36743005
9615,8600008
46661,28276008
7202,28231008
45643,71934003
59101,13561001
53644,117590005
53643,117590005
52781,117590005
61021,117590005
61020,117590005
60909,117590005
56513,117590005
56515,117590005
56514,117590005
13890,111002
24901,127949000
24903,127949000
24902,127949000
7131,32849002
9397,32849002
9396,32849002
320440,88481005
320442,385296007
12515,81745001
12514,81745001
9607,9875009
9603,69748006
32843,2812003
32842,2812003
35180,24136001
35179,24136001
24475,71341001
24475,71341001
42386,29627003
42386,29627003
42387,29627003
24474,71341001
32849,41111004
32848,41111004
9611,71341001
24479,87342007
24481,87342007
24480,87342007
55414,1307006
55023,90228003
15629,23451007
15630,23451007
7088,80891009
59103,13561001
59102,13561001
59805,88481005
59804,88481005
275020,5366008
59803,385296007
59802,385296007
62008,67923007
7208,34516001
7207,21306003
35289,16953009
25912,85537004
54832,53620006
61819,6566002
67292,6566002
15581,50403003
15610,74033008
275024,5366008
275022,5366008
23131,85050009
23130,85050009
264815,64033007
24974,72696002
54880,81502006
55097,4596009
55476,86483002
35295,16953009
35294,16953009
58241,78076003
25929,85537004
25927,85537004
16520,6544009
59815,81083006
54834,53620006
54833,53620006
7197,10200004
15584,50403003
15583,50403003
15942,74033008
15941,74033008
61824,83251001
7205,64033007
15579,25990002
15578,25990002
7204,64033007
67325,31065004
61826,16630005
24978,72696002
24977,72696002
61825,78277001
9826,72410000
30316,71616004
46620,4866005
58243,78076003
58242,78076003
48996,79368004
49007,52927003
54878,71836000
5034,59441001
23394,16051009
73265,16051009
73264,16051009
73263,16051009
73262,16051009
233482,283001
73250,68171009
276001,68171009
275999,68171009
276005,68171009
276003,68171009
276009,68171009
276007,68171009
73256,33770006
73255,33770006
233458,33770006
73253,69691007
73252,69691007
233446,69691007
73249,68171009
73259,12196003
73258,12196003
233470,12196003
5946,196821008
5945,196821008
5944,196821008
5967,279816002
5966,279816002
5965,279816002
12773,196751009
229177,65349008
229177,65349008
224275,245299000
224269,245295006
224269,245295006
5934,245282001
5933,245282001
5849,245282001
236337,279763008
236341,279763008
236339,279763008
5932,64038003
74033,127938006
224275,245299000
12774,62683002
235616,81105003
235614,81105003
232676,81105003
232673,81105003
265660,81105003
265658,81105003
241975,81105003
241973,81105003
241979,81105003
241977,81105003
241953,81105003
241951,81105003
241959,81105003
241957,81105003
241965,81105003
241963,81105003
265629,81105003
265626,81105003
232721,81105003
232719,81105003
241971,81105003
241969,81105003
16676,36086000
16676,36086000
223899,35783009
232600,368550005
232598,368550005
44313,368550005
5934,82365008
5933,82365008
5849,82365008
15758,245288002
46472,45206002
234280,1187336003
234280,1187336003
5970,196662004
5969,196662004
5968,196662004
232719,76838003
232721,76838003
5950,245283006
5952,245283006
5951,245283006
72970,83251001
72969,83251001
5981,40958000
72976,31065004
72975,31065004
62045,244453006
72974,16630005
72973,16630005
50863,18234004
72972,78277001
72971,78277001
7310,39607008
7371,31094006
7370,31094006
7309,31094006
7337,31094006
7383,31094006
7333,31094006
68877,39607008
52753,34080009
74053,34080009
74052,34080009
9711,70925003
53650,70925003
53649,70925003
54668,363654007
54667,363654007
54879,31389004
46623,4866005
46622,4866005
46621,4866005
46293,52410001
46292,52410001
7409,15497006
48998,79368004
48997,79368004
45740,18252004
45739,18252004
13409,22823000
13408,22823000
49008,52927003
55021,49460000
54738,46607005
54737,46607005
7198,15776009
10468,64163001
14519,73239005
77061,45682005
320436,45289007
19614,52737000
50878,18234004
50875,18234004
9707,18911002
9869,76848001
9579,38864007
9908,118762006
7214,15497006
7213,15497006
46688,54066008
62033,45793000
13889,56329008
67943,49557009
9600,41216001
59798,45289007
59797,45289007
49017,88938001
49016,88938001
49013,85002005
49012,85002005
14626,511000202101
14544,34402009
5909,62397004
46494,41695006
52838,67183008
52840,67183008
52835,124002
52834,124002
18252,20233005
19387,64739004
84115,54215007
16950,82561000
16597,82561000
16596,82561000
23465,62413002
23464,62413002
57417,55060009
57715,15924003
58303,5665001
58302,5665001
58301,5665001
7574,113197003
7987,48535007
7857,48535007
8012,78247007
7882,78247007
8039,25888004
7909,25888004
8148,25523003
7957,25523003
8093,15339008
8066,15339008
8202,59558009
8175,59558009
8256,24915002
8229,24915002
8310,5953002
8283,5953002
8391,22565002
8364,22565002
8472,77644006
8445,77644006
8532,58830002
8531,58830002
8534,43993008
8533,43993008
7163,39937001
8534,1193560003
8533,1193560003
20429,48014002
13396,79601000
13395,79601000
286702,789564000
45797,76838003
45796,76838003
57419,55060009
57418,55060009
15710,41178004
57717,15924003
57716,15924003
9680,61853006
54708,24999009
54707,24999009
7647,2748008
71166,54785003
71168,60051002
46565,89546000
256623,11478001
71167,50800009
19617,25270003
52751,22718006
7148,69695003
242787,8997002
9721,13024002
46900,70567001
7210,40689003
83720,37554007
5031,1732005
7196,78961009
15841,35378004
54640,21974007
74049,22718006
74048,22718006
54645,47975008
54644,61344008
281502,61344008
7394,44567001
264814,87953007
19667,13648007
7212,40689003
7211,40689003
17558,35039007
4838,72107004
4761,8887007
4751,8887007
18886,63507001
18885,63507001
18810,40300007
281500,61344008
9609,75573002
18809,40300007
21387,46027005
17888,87953007
17887,87953007
21388,46027005
13112,71585003
13111,71585003
4754,12123001
4762,12123001
66645,32764006
66643,430757002
4725,9454009
10951,35532006
4720,35532006
19949,76784001
7235,91134007
7246,39057004
7234,46030003
7100,21814001
7101,21814001
7098,21814001
4763,9454009
4755,9454009
323919,46105003
20462,45292006
19971,263355003
256135,38266002
55099,52940008
7236,34202007
24043,1172006
72063,3572006
12519,14806007
12520,39976000
12521,91116008
12522,14705001
12523,67479001
12524,88298007
12525,16126006
72065,73903008
13072,61032001
13073,53983007
13074,55492004
13075,71996003
13076,21799000
12526,87141009
13077,65985001
13078,11808007
13079,49967005
13080,69950008
13081,21452006
9139,35769007
9165,56094003
9187,50060007
9209,73138009
9248,86197001
9922,6105006
9945,32430008
9968,71737002
9991,77435000
10014,33766003
10037,48405002
10059,52120002
10081,280849005
missing,1186895000
11945,3572006
56429,1187337007
54368,35763008
55459,46105003
55458,46105003
missing,1187336003
9710,87166008
54683,24999009
